Ar_argon 2.500 0.000E-03 0.000E-05 0.000E-08 0.000E-11 0 10000
Br2_bromine 3.212 7.160E-03 -1.528E-05 1.445E-08 -0.499E-11 50 1000
BrD_deuteriumbromide 3.716 -2.318E-03 0.738E-05 -0.717E-08 0.250E-11 50 1000
BrH_hydrogenbromide 3.842 -3.098E-03 0.917E-05 -1.032E-08 0.426E-11 50 1000
HBr_hydrogenbromide 3.842 -3.098E-03 0.917E-05 -1.032E-08 0.426E-11 50 1000
CBrClF2_bromochlorodifluoromethane 1.968 36.592E-03 -5.489E-05 4.036E-08 -1.170E-11 100 1000
CBrF3_bromotrifluoromethane 1.959 30.789E-03 -3.782E-05 2.236E-08 -0.515E-11 100 1000
CBr2F2_dibromodifluoromethane 2.476 36.115E-03 -5.666E-05 4.368E-08 -1.324E-11 100 1000
CClF3_chlorotrifluoromethane 2.369 23.861E-03 -1.579E-05 -0.366E-08 0.528E-11 50 1000
CCl2F2_dichlorodifluoromethane 2.185 31.251E-03 -3.724E-05 1.930E-08 -0.323E-11 50 1000
CCl3F_trichlorofluoromethane 2.090 38.890E-03 -6.079E-05 4.542E-08 -1.316E-11 50 1000
CCl4_carbontetrachloride 2.518 41.882E-03 -7.160E-05 5.739E-08 -1.756E-11 200 1000
CF4_tetrafluoromethane 2.643 15.383E-03 0.850E-05 -2.940E-08 1.469E-11 50 1000
CHBrF2_bromodifluoromethane 3.254 13.871E-03 -0.070E-05 -1.130E-08 0.606E-11 100 1000
CHClF2_chlorodifluoromethane 3.164 10.422E-03 1.179E-05 -2.650E-08 1.222E-11 50 1000
CHCl2F_dichlorofluoromethane 2.949 17.130E-03 -0.629E-05 -0.821E-08 0.573E-11 50 1000
CHCl3_trichloromethane 2.389 26.218E-03 -3.145E-05 1.857E-08 -0.423E-11 200 1000
CHF3_trifluoromethane 3.450 3.480E-03 3.012E-05 -4.452E-08 1.834E-11 50 1000
CH2Cl2_dichloromethane 2.710 11.561E-03 0.324E-05 -1.370E-08 0.662E-11 200 1000
CH2F2_difluoromethane 4.150 -5.584E-03 4.384E-05 -5.160E-08 1.920E-11 50 1000
CH2O2_formicacid 3.809 1.568E-03 3.587E-05 -4.410E-08 1.672E-11 50 1000
CH3Cl_chloromethane 3.578 -1.750E-03 3.071E-05 -3.714E-08 1.408E-11 200 1000
CH3F_fluoromethane 4.561 -10.437E-03 4.813E-05 -5.069E-08 1.769E-11 50 1000
CH3NO2_nitromethane 4.196 -1.102E-03 5.158E-05 -6.721E-08 2.660E-11 50 1000
CH4_methane 4.568 -8.975E-03 3.631E-05 -3.407E-08 1.091E-11 50 1000
CH4O_methanol 4.714 -6.986E-03 4.211E-05 -4.443E-08 1.535E-11 50 1000
CH4O_methylalcohol 4.714 -6.986E-03 4.211E-05 -4.443E-08 1.535E-11 50 1000
CH4S_methanethiolmethylmercaptan 4.119 1.313E-03 2.591E-05 -3.212E-08 1.208E-11 50 1000
CH5N_methanaminemethylamine 4.193 -2.122E-03 4.039E-05 -4.738E-08 1.751E-11 50 1000
CO_carbonmonoxide 3.912 -3.913E-03 1.182E-05 -1.302E-08 0.515E-11 50 1000
CO2_carbondioxide 3.259 1.356E-03 1.502E-05 -2.374E-08 1.056E-11 50 1000
C2ClF5_1chloro11222pentafluoroethane 2.355 50.469E-03 -5.156E-05 2.041E-08 -0.139E-11 50 1000
C2Cl2F4_11dichloro1222tetrafluoroethane 2.268 56.415E-03 -6.908E-05 3.953E-08 -0.861E-11 50 1000
C2Cl2F4_12dichloro1122tetrafluoroethane 2.525 53.644E-03 -5.771E-05 2.417E-08 -0.199E-11 50 1000
C2Cl3F3_112trichloro122trifluoroethane 2.133 63.238E-03 -8.916E-05 6.140E-08 -1.683E-11 50 1000
C2F4_tetrafluoroethene 2.223 36.551E-03 -4.776E-05 3.283E-08 -0.931E-11 200 1000
C2F6_hexafluoroethane 2.525 43.543E-03 -2.948E-05 -0.630E-08 0.967E-11 50 1000
C2HClF4_1chloro1122tetrafluoroethane 2.888 38.360E-03 -2.468E-05 -0.397E-08 0.677E-11 50 1000
C2HClF4_1chloro1222tetrafluoroethane 3.022 35.834E-03 -1.744E-05 -1.211E-08 0.994E-11 50 1000
C2HCl2F3_11dichloro222trifluoroethaner123 2.996 39.490E-03 -2.743E-05 -0.122E-08 0.572E-11 50 1000
C2HCl2F3_12dichloro122trifluoroethaner123a 2.699 43.299E-03 -3.663E-05 0.697E-08 0.322E-11 50 1000
C2HF5_pentafluoroethane 3.146 29.937E-03 -0.056E-05 -3.019E-08 1.669E-11 50 1000
C2H2_ethyneacetylene 2.410 10.926E-03 -0.255E-05 -0.790E-08 0.524E-11 50 1000
C2H2F2_11difluoroethene 0.749 26.756E-03 -1.905E-05 0.245E-08 0.204E-11 200 1000
C2H2F4_1112tetrafluoroethaner134a 3.064 25.420E-03 0.586E-05 -3.339E-08 1.716E-11 50 1000
C2H2F4_1122tetrafluoroethaner134 3.084 32.841E-03 -2.425E-05 0.488E-08 0.162E-11 50 1000
C2H3ClF2_1chloro11difluoroethane 2.338 29.791E-03 -1.048E-05 -1.336E-08 0.927E-11 50 1000
C2H3Cl2F_11dichloro1fluoroethaner141b 2.140 36.934E-03 -3.121E-05 0.927E-08 0.068E-11 50 1000
C2H3F3_111trifluoroethaner143a 2.577 23.727E-03 0.480E-05 -2.824E-08 1.439E-11 50 1000
C2H3F3_112trifluoroethaner143 3.531 16.450E-03 2.074E-05 -4.217E-08 1.869E-11 50 1000
C2H4_etheneethylene 4.221 -8.782E-03 5.795E-05 -6.729E-08 2.511E-11 50 1000
C2H4Br2_12dibromoethane 3.784 24.587E-03 -0.750E-05 -0.886E-08 0.601E-11 298 1000
C2H4Cl2_11dichloroethane 2.610 24.853E-03 -0.675E-05 -1.035E-08 0.643E-11 200 1000
C2H4Cl2_12dichloroethane 2.990 23.197E-03 -0.404E-05 -1.133E-08 0.617E-11 298 1000
C2H4F2_11difluoroethaner152a 3.292 11.749E-03 2.835E-05 -4.645E-08 1.941E-11 50 1000
C2H4O2_ethanoicacidaceticacid 4.375 -2.397E-03 6.757E-05 -8.764E-08 3.478E-11 50 1000
C2H4O2_methylmethanoatemethylformate 2.277 18.013E-03 1.160E-05 -2.921E-08 1.342E-11 298 1000
C2H5Br_bromoethane 3.636 6.861E-03 3.749E-05 -5.446E-08 2.231E-11 100 1000
C2H5Cl_chloroethane 3.029 9.885E-03 2.967E-05 -4.550E-08 1.871E-11 200 1000
C2H5F_fluoroethane 3.881 1.616E-03 4.799E-05 -6.161E-08 2.364E-11 50 1000
C2H6_ethane 4.178 -4.427E-03 5.660E-05 -6.651E-08 2.487E-11 50 1000
C2H6O_ethylalcohol 4.396 0.628E-03 5.546E-05 -7.024E-08 2.685E-11 50 1000
C2H6O_ethanol 4.396 0.628E-03 5.546E-05 -7.024E-08 2.685E-11 50 1000
C2H6O_dimethylether 4.361 6.070E-03 2.899E-05 -3.581E-08 1.282E-11 100 1000
C2H6S_ethanethiolethylmercaptan 3.894 12.951E-03 2.052E-05 -3.287E-08 1.312E-11 50 1000
C2H6S_2thiapropanedimethylsulfide 3.535 17.530E-03 0.596E-05 -1.632E-08 0.696E-11 273 1000
C2H7N_ethanamineethylamine 4.640 2.069E-03 5.797E-05 -7.659E-08 3.043E-11 50 1000
C2H7N_nmethylmethanaminedimethylamine 2.469 15.462E-03 2.642E-05 -4.025E-08 1.564E-11 273 1000
C3F8_octafluoropropaner218 1.605 76.488E-03 -8.707E-05 4.540E-08 -0.856E-11 200 1000
C3H3NO_12oxazoleisoxazole 3.911 -9.705E-03 10.380E-05 -13.472E-08 5.359E-11 50 1000
C3H4_1propynemethylacetylene 3.158 12.210E-03 1.167E-05 -2.316E-08 1.002E-11 50 1000
C3H4_12propadiene 3.403 6.271E-03 3.388E-05 -5.113E-08 2.161E-11 50 1000
C3H6_propenepropylene 3.834 3.893E-03 4.688E-05 -6.013E-08 2.283E-11 50 1000
C3H6_cyclopropane 4.493 -18.097E-03 12.744E-05 -16.049E-08 6.426E-11 50 1000
C3H6Cl2_12dichloropropane 1.697 40.582E-03 -2.247E-05 -0.038E-08 0.377E-11 298 1000
C3H6O_2propen1olallylalcohol 0.248 34.938E-03 -1.685E-05 -0.192E-08 0.324E-11 298 1000
C3H6O_propanoneacetone 5.126 1.511E-03 5.731E-05 -7.177E-08 2.728E-11 200 1000
C3H6O2_methylethanoatemethylacetate 4.242 14.388E-03 3.338E-05 -4.930E-08 1.931E-11 298 1000
C3H7Cl_1chloropropane 4.365 9.895E-03 5.366E-05 -7.708E-08 3.120E-11 200 1000
C3H8_propane 3.847 5.131E-03 6.011E-05 -7.893E-08 3.079E-11 50 1000
C3H8O_1propanol 4.712 6.565E-03 6.310E-05 -8.341E-08 3.216E-11 50 1000
C3H8O_2propanol 3.334 18.853E-03 3.644E-05 -6.115E-08 2.543E-11 50 1000
C3H8O_methylethylether 4.008 21.493E-03 1.803E-05 -3.333E-08 1.331E-11 100 1000
C3H8S_2thiabutanemethylethylsulfide 2.816 29.186E-03 0.807E-05 -2.888E-08 1.325E-11 273 1000
C3H9N_1propanaminepropylamine 4.142 12.606E-03 5.471E-05 -7.524E-08 2.918E-11 50 1000
C3H9N_2propanaminemethylethylamine 3.633 22.221E-03 3.094E-05 -5.375E-08 2.236E-11 50 1000
C3H9N_nndimethylmethanaminetrimethylamine 1.660 27.899E-03 2.517E-05 -5.097E-08 2.190E-11 298 1000
C4F8_octafluorocyclobutane 0.949 80.942E-03 -7.976E-05 2.970E-08 -0.087E-11 298 1000
C4F10_decafluoro2methylpropane 1.965 99.798E-03 -11.830E-05 6.680E-08 -1.457E-11 200 1000
C4H4O_furan 3.816 -10.453E-03 12.446E-05 -16.907E-08 7.020E-11 50 1000
C4H4S_thiophene 3.063 1.520E-03 9.514E-05 -14.129E-08 6.088E-11 50 1000
C4H5N_pyrrole 3.554 -6.426E-03 12.231E-05 -16.957E-08 7.095E-11 50 1000
C4H6_1butyne 2.995 20.800E-03 1.560E-05 -3.462E-08 1.524E-11 50 1000
C4H6_13butadiene 3.607 5.085E-03 8.253E-05 -12.371E-08 5.321E-11 50 1000
C4H6O3_aceticanhydride -1.274 50.172E-03 -1.459E-05 -1.951E-08 1.244E-11 298 1000
C4H8_cyclobutane 4.739 -16.423E-03 14.488E-05 -18.041E-08 7.089E-11 50 1000
C4H8_1butene 4.389 7.984E-03 6.143E-05 -8.197E-08 3.165E-11 50 1000
C4H8_trans2butene 5.584 -4.890E-03 9.133E-05 -10.975E-08 4.085E-11 50 1000
C4H8_cis2butene 3.689 19.184E-03 2.230E-05 -3.426E-08 1.256E-11 50 1000
C4H8_2methylpropene 3.231 20.949E-03 2.313E-05 -3.949E-08 1.566E-11 50 1000
C4H8O_butanonemethylethylketone 6.349 11.062E-03 4.851E-05 -6.484E-08 2.469E-11 200 1000
C4H8O_tetrahydrofuran 5.171 -19.464E-03 16.460E-05 -20.420E-08 8.000E-11 50 1000
C4H8O2_13dioxane 3.834 -0.249E-03 11.985E-05 -15.494E-08 6.047E-11 50 1000
C4H8O2_14dioxane 3.730 1.851E-03 11.781E-05 -15.602E-08 6.177E-11 50 1000
C4H8O2_ethylethanoateethylacetate 10.228 -14.948E-03 13.033E-05 -15.736E-08 5.999E-11 298 1000
C4H9Cl_2chlorobutane 4.450 22.285E-03 4.350E-05 -7.215E-08 3.015E-11 200 1000
C4H10_butane 5.547 5.536E-03 8.057E-05 -10.571E-08 4.134E-11 200 1000
C4H10_2methylpropaneisobutane 3.351 17.883E-03 5.477E-05 -8.099E-08 3.243E-11 50 1000
C4H10O_1butanol 4.467 16.395E-03 6.688E-05 -9.690E-08 3.864E-11 50 1000
C4H10O_2methyl2propanoltertbutanol 2.611 36.052E-03 1.517E-05 -4.360E-08 1.947E-11 50 1000
C4H10O_2butanolsecbutanol 3.860 28.561E-03 2.728E-05 -5.140E-08 2.117E-11 50 1000
C4H10O_diethylether 4.612 37.492E-03 -1.870E-05 1.316E-08 -0.698E-11 100 1000
C4H10S_3thiapentanediethylsulfide 4.335 26.082E-03 3.959E-05 -6.881E-08 2.900E-11 273 1000
C4H11N_1butanaminebutylamine 2.668 38.366E-03 1.150E-05 -3.817E-08 1.712E-11 298 1000
C4H11N_nethylethanaminediethylamine 3.028 32.373E-03 2.828E-05 -5.501E-08 2.300E-11 298 1000
C4H11N_2methyl1propanamineisobutylamine 0.380 53.027E-03 -2.436E-05 0.207E-08 0.038E-11 298 1000
C5F12_dodecafluoropentane 2.315 123.238E-03 -14.997E-05 8.875E-08 -2.081E-11 200 1000
C5H5N_pyridine -3.505 49.389E-03 -1.746E-05 -1.595E-08 1.097E-11 298 1000
C5H6O_2methylfuran 3.952 5.535E-03 9.252E-05 -13.046E-08 5.353E-11 50 1000
C5H8_1pentyne 3.382 31.688E-03 0.790E-05 -3.109E-08 1.417E-11 50 1000
C5H8_cyclopentene 4.555 -12.408E-03 15.195E-05 -19.676E-08 7.900E-11 50 1000
C5H8O_cyclopentanone 4.294 -1.236E-03 13.080E-05 -17.531E-08 7.071E-11 50 1000
C5H10_cyclopentane 5.019 -19.734E-03 17.917E-05 -21.696E-08 8.215E-11 50 1000
C5H10_1pentene 5.079 11.919E-03 7.838E-05 -10.962E-08 4.381E-11 200 1000
C5H10_cis2pentene 2.901 31.785E-03 1.842E-05 -3.953E-08 1.609E-11 298 1000
C5H10_2methyl2butene 1.240 39.303E-03 0.270E-05 -2.500E-08 1.120E-11 298 1000
C5H10_3methyl1butene 2.108 41.912E-03 -0.416E-05 -1.937E-08 0.954E-11 298 1000
C5H10O_cyclopentanol 4.370 5.723E-03 13.357E-05 -18.752E-08 7.733E-11 50 1000
C5H10O_2pentanonemethylpropylketone 7.836 9.051E-03 8.063E-05 -10.847E-08 4.283E-11 200 1000
C5H10O_3pentanonediethylketone 8.071 13.654E-03 6.120E-05 -8.337E-08 3.253E-11 200 1000
C5H11Cl_1chloropentane 7.052 9.759E-03 10.210E-05 -14.077E-08 5.640E-11 200 1000
C5H12_pentane 7.554 -0.368E-03 11.846E-05 -14.939E-08 5.753E-11 200 1000
C5H12_2methylbutane 1.959 38.191E-03 2.434E-05 -5.175E-08 2.165E-11 200 1000
C5H12_22dimethylpropaneneopentane -11.428 156.037E-03 -33.383E-05 40.127E-08 -17.806E-11 200 1000
C5H12O_1pentanol 5.530 16.887E-03 9.430E-05 -13.725E-08 5.607E-11 200 1000
C5H12O_2methyl2butanol 4.282 27.248E-03 6.649E-05 -10.683E-08 4.474E-11 298 1000
C6Cl5F_chloropentafluorobenzene 2.994 74.969E-03 -8.448E-05 4.889E-08 -1.177E-11 200 1000
C6F6_hexafluorobenzene 2.531 75.268E-03 -8.410E-05 4.845E-08 -1.166E-11 200 1000
C6F14_tetradecafluorohexane 2.660 146.733E-03 -18.179E-05 11.086E-08 -2.710E-11 200 1000
C6HF5_pentafluorobenzene 1.197 72.572E-03 -7.369E-05 3.676E-08 -0.718E-11 200 1000
C6H2F4_1245tetrafluorobenzene 0.007 69.341E-03 -6.192E-05 2.343E-08 -0.202E-11 200 1000
C6H5Cl_chlorobenzene 0.104 38.288E-03 1.808E-05 -5.732E-08 2.718E-11 200 1000
C6H6_benzene 3.551 -6.184E-03 14.365E-05 -19.807E-08 8.234E-11 50 1000
C6H6O_phenol 2.582 17.501E-03 8.894E-05 -14.435E-08 6.317E-11 50 1000
C6H7N_benzeneamineaniline 2.598 19.936E-03 8.438E-05 -13.368E-08 5.630E-11 50 1000
C6H7N_2methylpyridine2picoline 4.156 2.699E-03 12.517E-05 -17.424E-08 7.163E-11 50 1000
C6H7N_3methylpyridine3picoline 4.140 2.780E-03 12.458E-05 -17.328E-08 7.118E-11 50 1000
C6H7N_4methylpyridine4picoline 3.904 4.296E-03 12.062E-05 -16.884E-08 6.942E-11 50 1000
C6H10_cyclohexene 3.874 -0.909E-03 14.902E-05 -19.907E-08 8.011E-11 50 1000
C6H10O_cyclohexanone 4.416 -1.248E-03 17.367E-05 -23.640E-08 9.595E-11 50 1000
C6H12_cyclohexane 4.035 -4.433E-03 16.834E-05 -20.775E-08 7.746E-11 100 1000
C6H12_methylcyclopentane 5.379 -8.258E-03 17.293E-05 -21.646E-08 8.263E-11 50 1000
C6H12_1hexene 6.303 12.352E-03 10.258E-05 -14.272E-08 5.708E-11 200 1000
C6H12_4methylpent1ene -1.326 65.625E-03 -3.560E-05 0.514E-08 0.176E-11 298 1000
C6H12O_cyclohexanol 3.239 21.585E-03 10.322E-05 -14.762E-08 5.885E-11 50 1000
C6H12O_2hexanonemethylbutylketone 9.146 8.701E-03 10.736E-05 -14.496E-08 5.768E-11 200 1000
C6H12O_3hexanoneethylpropylketone 9.357 13.505E-03 8.735E-05 -11.918E-08 4.710E-11 200 1000
C6H14_hexane 8.831 -0.166E-03 14.302E-05 -18.314E-08 7.124E-11 200 1000
C6H14_2methylpentane 2.096 46.419E-03 3.124E-05 -6.829E-08 2.902E-11 200 1000
C6H14_3methylpentane 0.433 11.143E-03 0.730E-05 -1.612E-08 0.690E-11 200 1000
C6H14_22dimethylbutane 3.007 39.059E-03 4.851E-05 -8.243E-08 3.367E-11 200 1000
C6H14_23dimethylbutane -2.214 74.352E-03 -3.697E-05 0.273E-08 0.308E-11 200 1000
C6H14O_1hexanol 6.784 17.060E-03 11.935E-05 -17.147E-08 6.985E-11 200 1000
C6H15N_nndiethylethanaminetriethylamine 4.581 40.089E-03 5.793E-05 -10.032E-08 4.193E-11 298 1000
C7F16_hexadecafluoroheptane 3.002 170.245E-03 -21.365E-05 13.301E-08 -3.341E-11 200 1000
C7H3F5_pentafluorotoluene 6.079 48.333E-03 0.158E-05 -3.861E-08 1.948E-11 298 1000
C7H8_toluene 3.866 3.558E-03 13.356E-05 -18.659E-08 7.690E-11 50 1000
C7H8O_2methylphenolocresol 3.123 31.032E-03 6.152E-05 -10.805E-08 4.642E-11 50 1000
C7H8O_3methylphenolmcresol 2.876 26.142E-03 8.544E-05 -14.238E-08 6.189E-11 50 1000
C7H8O_4methylphenolpcresol 2.881 27.407E-03 7.943E-05 -13.423E-08 5.843E-11 50 1000
C7H9N_23dimethylpyridine23lutidine 4.225 13.393E-03 11.364E-05 -16.169E-08 6.585E-11 50 1000
C7H9N_24dimethylpyridine24lutidine 4.247 13.487E-03 11.535E-05 -16.564E-08 6.803E-11 50 1000
C7H9N_25dimethylpyridine25lutidine 4.183 14.253E-03 11.226E-05 -16.133E-08 6.610E-11 50 1000
C7H9N_26dimethylpyridine26lutidine 3.413 31.807E-03 5.284E-05 -8.851E-08 3.610E-11 50 1000
C7H9N_34dimethylpyridine34lutidine 4.135 15.216E-03 10.792E-05 -15.509E-08 6.324E-11 50 1000
C7H14_35dimethylpyridine35lutidine 3.995 5.299E-03 17.971E-05 -24.179E-08 9.665E-11 50 1000
C7H14_methylcyclohexane 3.148 18.438E-03 13.624E-05 -18.793E-08 7.364E-11 50 1000
C7H14_ethylcyclopentane 5.847 -0.048E-03 17.507E-05 -22.495E-08 8.656E-11 50 1000
C7H14_cis13dimethylcyclopentane -2.522 60.538E-03 2.703E-05 -7.572E-08 3.361E-11 298 1000
C7H14_trans13dimethylcyclopentane -2.522 60.538E-03 2.703E-05 -7.572E-08 3.361E-11 298 1000
C7H14_1heptene 7.520 12.824E-03 12.670E-05 -17.578E-08 7.035E-11 200 1000
C7H16_heptane 9.634 4.156E-03 15.494E-05 -20.066E-08 7.770E-11 200 1000
C7H16_2methylhexane 3.452 46.373E-03 5.446E-05 -9.875E-08 4.089E-11 200 1000
C7H16_3ethylpentane 7.598 19.547E-03 11.641E-05 -16.107E-08 6.378E-11 200 1000
C7H16_22dimethylpentane 1.315 60.462E-03 2.813E-05 -7.620E-08 3.434E-11 200 1000
C7H16_23dimethylpentane -4.314 96.708E-03 -6.454E-05 2.227E-08 -0.313E-11 200 1000
C7H16_24dimethylpentane -3.133 97.923E-03 -6.912E-05 2.424E-08 -0.250E-11 200 1000
C7H16_33dimethylpentane -0.480 73.415E-03 -0.740E-05 -3.562E-08 1.822E-11 200 1000
C7H16_223trimethylbutane -0.711 73.562E-03 -1.007E-05 -3.018E-08 1.583E-11 200 1000
C7H16O_1heptanol 7.935 18.023E-03 14.223E-05 -20.320E-08 8.262E-11 200 1000
C8F18_octadecafluorooctane 3.352 193.679E-03 -24.528E-05 15.491E-08 -3.962E-11 200 1000
C8H10_ethylbenzene 4.544 10.578E-03 13.644E-05 -19.276E-08 7.885E-11 50 1000
C8H10_12dimethylbenzeneoxylene 3.289 34.144E-03 4.989E-05 -8.335E-08 3.338E-11 50 1000
C8H10_13dimethylbenzenemxylene 4.002 17.537E-03 10.590E-05 -15.037E-08 6.008E-11 50 1000
C8H10_14dimethylbenzenepxylene 4.113 14.909E-03 11.810E-05 -16.724E-08 6.736E-11 50 1000
C8H10O_2ethylphenol -2.392 82.472E-03 -4.476E-05 -0.434E-08 0.890E-11 298 1000
C8H10O_3ethylphenol -4.029 90.167E-03 -5.877E-05 0.702E-08 0.546E-11 298 1000
C8H10O_4ethylphenol -3.628 88.368E-03 -5.660E-05 0.616E-08 0.548E-11 298 1000
C8H10O_24dimethylphenol24xylenol 3.752 41.738E-03 5.814E-05 -11.112E-08 4.855E-11 50 1000
C8H10O_25dimethylphenol25xylenol 3.008 50.507E-03 2.960E-05 -7.548E-08 3.351E-11 50 1000
C8H10O_26dimethylphenol26xylenol 2.604 51.990E-03 2.683E-05 -7.380E-08 3.340E-11 50 1000
C8H10O_34dimethylphenol34xylenol 1.407 67.846E-03 -1.345E-05 -3.401E-08 1.952E-11 50 1000
C8H10O_35dimethylphenol35xylenol 2.869 43.266E-03 5.901E-05 -11.468E-08 5.053E-11 50 1000
C8H16_cyclooctane 4.236 13.119E-03 16.313E-05 -21.072E-08 7.987E-11 50 1000
C8H16_t14dimethylcyclohexane 3.902 20.058E-03 15.345E-05 -20.707E-08 7.974E-11 50 1000
C8H16_1octene 8.745 13.240E-03 15.096E-05 -20.895E-08 8.366E-11 200 1000
C8H18_octane 10.824 4.983E-03 17.751E-05 -23.137E-08 8.980E-11 200 1000
C8H18_2methylheptane 5.257 41.188E-03 9.739E-05 -15.692E-08 6.570E-11 200 1000
C8H18_4methylheptane 2.182 62.828E-03 4.419E-05 -10.021E-08 4.358E-11 200 1000
C8H18_3ethylhexane 7.178 33.720E-03 10.365E-05 -15.312E-08 6.088E-11 200 1000
C8H18_22dimethylhexane 3.452 55.222E-03 6.066E-05 -11.271E-08 4.732E-11 200 1000
C8H18_23dimethylhexane -3.594 100.983E-03 -4.880E-05 -0.342E-08 0.789E-11 200 1000
C8H18_24dimethylhexane -3.372 108.645E-03 -7.267E-05 2.176E-08 -0.103E-11 200 1000
C8H18_25dimethylhexane -1.367 87.285E-03 -1.799E-05 -3.343E-08 1.857E-11 200 1000
C8H18_33dimethylhexane -2.093 94.480E-03 -2.808E-05 -2.811E-08 1.816E-11 200 1000
C8H18_34dimethylhexane -6.148 116.522E-03 -8.351E-05 2.961E-08 -0.344E-11 200 1000
C8H18_3ethyl2methylpentane -0.873 95.193E-03 -5.319E-05 1.180E-08 0.000E-11 200 1000
C8H18_3ethyl3methylpentane -1.350 88.584E-03 -1.961E-05 -3.139E-08 1.789E-11 200 1000
C8H18_223trimethylpentane -4.490 108.022E-03 -6.486E-05 1.441E-08 0.142E-11 200 1000
C8H18_224trimethylpentaneisooctane 0.384 77.059E-03 0.665E-05 -5.565E-08 2.619E-11 200 1000
C8H18_233trimethylpentane -5.726 117.939E-03 -8.940E-05 4.012E-08 -0.816E-11 200 1000
C8H18_2233tetramethylbutane 0.768 72.950E-03 1.659E-05 -6.322E-08 2.886E-11 200 1000
C8H18O_1octanol 9.193 18.228E-03 16.682E-05 -23.641E-08 9.580E-11 200 1000
C9F20_eicosafluorononane 3.697 217.163E-03 -27.706E-05 17.697E-08 -4.589E-11 200 1000
C9H12_1methylethylbenzenecumene 2.985 34.196E-03 11.938E-05 -20.152E-08 8.923E-11 50 1000
C9H12_1ethyl4methylbenzene 5.097 17.385E-03 13.600E-05 -19.299E-08 7.817E-11 50 1000
C9H12_123trimethylbenzene 4.042 31.152E-03 10.185E-05 -16.262E-08 6.922E-11 50 1000
C9H12_124trimethylbenzene 5.319 20.074E-03 12.034E-05 -16.873E-08 6.687E-11 50 1000
C9H12_135trimethylbenzenemesitylene 5.305 20.039E-03 11.606E-05 -16.317E-08 6.503E-11 50 1000
C9H18_1nonene 9.963 13.704E-03 17.511E-05 -24.203E-08 9.694E-11 200 1000
C9H20_nonane 12.152 4.575E-03 20.416E-05 -26.777E-08 10.465E-11 200 1000
C9H20_2methyloctane 5.914 47.039E-03 10.387E-05 -16.686E-08 6.852E-11 200 1000
C9H20_225trimethylhexane -0.880 92.152E-03 -0.423E-05 -5.261E-08 2.601E-11 200 1000
C9H20_2233tetramethylpentane -6.019 131.511E-03 -9.916E-05 4.520E-08 -0.934E-11 200 1000
C9H20_2234tetramethylpentane -5.422 123.507E-03 -8.031E-05 2.590E-08 -0.261E-11 200 1000
C9H20_2244tetramethylpentane 3.621 67.875E-03 4.875E-05 -10.109E-08 4.292E-11 200 1000
C9H20_2334tetramethylpentane -9.189 161.921E-03 -17.927E-05 12.689E-08 -3.869E-11 200 1000
C9H20O_1nonanol 10.350 19.105E-03 19.007E-05 -26.878E-08 10.891E-11 200 1000
C10F22_docosafluorodecane 4.042 240.657E-03 -30.888E-05 19.907E-08 -5.219E-11 200 1000
C10H8_naphthalene 2.889 14.306E-03 15.978E-05 -23.930E-08 10.173E-11 50 1000
C10H14_butylbenzene 6.490 19.080E-03 15.665E-05 -22.059E-08 8.887E-11 200 1000
C10H14_14diethylbenzene -0.359 75.371E-03 0.442E-05 -5.736E-08 2.783E-11 298 1000
C10H14_1245tetramethylbenzene 3.352 67.376E-03 0.527E-05 -4.883E-08 2.290E-11 298 1000
C10H18_cisbicyclo440decanecisdecalin -5.445 80.068E-03 5.065E-05 -11.756E-08 5.088E-11 298 1000
C10H18_transbicyclo440decanetransdecalin -2.155 53.852E-03 12.610E-05 -20.981E-08 9.066E-11 298 1000
C10H20_1decene 11.175 14.222E-03 19.908E-05 -27.488E-08 11.012E-11 200 1000
C10H22_decane 13.467 4.139E-03 23.127E-05 -30.477E-08 11.970E-11 200 1000
C10H22_225trimethylheptane -0.961 100.294E-03 0.237E-05 -6.883E-08 3.357E-11 200 1000
C10H22_335trimethylheptane -2.999 118.108E-03 -4.182E-05 -2.362E-08 1.717E-11 200 1000
C10H22_2233tetramethylhexane -7.678 153.766E-03 -12.616E-05 6.171E-08 -1.323E-11 200 1000
C10H22_2255tetramethylhexane 0.8 87.376E-03 3.168E-05 -9.35E-08 4.141E-11 200 1000
C10H22O_1decanol 11.637 19.130E-03 21.517E-05 -30.271E-08 12.247E-11 200 1000
C11H10_1methylnaphthalene -5.637 98.625E-03 -4.956E-05 -1.033E-08 1.281E-11 298 1000
C11H10_2methylnaphthalene -4.671 93.882E-03 -4.334E-05 -1.331E-08 1.317E-11 298 1000
C11H24O_1undecanol 12.923 18.973E-03 24.124E-05 -33.816E-08 13.675E-11 200 1000
C12H10_11biphenyl -0.843 61.392E-03 6.352E-05 -13.754E-08 6.169E-11 200 1000
C12H12_16dimethylnaphthalene -4.332 103.947E-03 -4.556E-05 -1.769E-08 1.571E-11 298 1000
C12H12_27dimethylnaphthalene -3.288 101.288E-03 -4.748E-05 -1.079E-08 1.219E-11 298 1000
C12H18_135triethylbenzene 1.319 87.791E-03 1.406E-05 -7.682E-08 3.595E-11 298 1000
C12H24_1dodecene 13.617 15.108E-03 24.747E-05 -34.111E-08 13.669E-11 200 1000
C12H26_dodecane 17.229 -7.242E-03 31.922E-05 -42.322E-08 17.022E-11 200 1000
C12H26O_1dodecanol 14.073 19.938E-03 26.412E-05 -36.989E-08 14.951E-11 200 1000
C13H28_tridecane 18.546 -7.636E-03 34.604E-05 -45.978E-08 18.509E-11 200 1000
C14H10_phenanthrene 2.374 38.372E-03 16.471E-05 -26.813E-08 11.640E-11 50 1000
C14H10_anthracene 2.577 31.826E-03 18.811E-05 -29.722E-08 12.840E-11 50 1000
C14H30_tetradecane 18.375 6.585E-03 32.307E-05 -42.663E-08 16.590E-11 200 1000
C15H32_pentadecane 21.180 -8.424E-03 39.969E-05 -53.290E-08 21.482E-11 200 1000
C16H34_hexadecane 39.747 -206.152E-03 114.814E-05 -155.548E-08 67.534E-11 200 1000
C17H36_heptadecane 23.813 -9.210E-03 45.333E-05 -60.601E-08 24.455E-11 200 1000
C18H38_octadecane 25.130 -9.603E-03 48.015E-05 -64.256E-08 25.942E-11 200 1000
C19H40_nonadecane 26.447 -9.998E-03 50.697E-05 -67.912E-08 27.428E-11 200 1000
C20H42_eicosane 27.764 -10.389E-03 53.379E-05 -71.567E-08 28.914E-11 200 1000
ClD_deuteriumchloride 3.917 -3.965E-03 1.205E-05 -1.323E-08 0.521E-11 50 1000
ClFO3_perchlorylfluoride 0.470 36.338E-03 -4.796E-05 3.147E-08 -0.83E-11 298 1000
ClH_hydrogenchloride 3.827 -2.936E-03 0.879E-05 -1.031E-08 0.439E-11 50 1000
Cl2_chlorine 3.0560 5.3708E-03 -0.8098E-05 0.5693E-08 -0.15256E-11 50 1000
DH_deuteriumhydride 3.893 -3.508E-03 1.083E-05 -1.337E-08 0.580E-11 50 1000
DI_deuteriumiodide 3.741 -2.862E-03 1.000E-05 -1.051E-08 0.382E-11 50 1000
D2_deuterium 3.590 -0.462E-03 0.057E-05 0.036E-08 -0.026E-11 50 1000
D2O_deuteriumoxide 4.274 -3.465E-03 1.376E-05 -1.482E-08 0.568E-11 50 1000
D2S_deuteriumsulfide 4.290 -3.944E-03 1.974E-05 -2.268E-08 0.872E-11 50 1000
D3N_trideuteroammonia 4.090 -3.243E-03 2.367E-05 -0.264E-08 0.961E-11 50 1000
FH_hydrogenfluoride 3.901 -3.708E-03 1.165E-05 -1.465E-08 0.639E-11 50 1000
FNO2_nitrogendioxyfluoride 1.620 20.883E-03 -2.512E-05 1.586E-08 -0.420E-11 298 1000
F2_fluorine 3.347 0.467E-03 0.526E-05 -0.794E-08 0.330E-11 50 1000
F2O_oxygendifluoride 3.437 5.527E-03 0.502E-05 -1.453E-08 0.735E-11 50 1000
F4S_sulfurtetrafluoride -0.808 51.235E-03 -8.251E-05 6.335E-08 -1.887E-11 298 1000
HI_hydrogeniodide 3.648 -1.392E-03 0.389E-05 -0.326E-08 0.110E-11 50 1000
H2_hydrogen 2.883 3.681E-03 -0.772E-05 0.692E-08 -0.213E-11 50 1000
H2O_water 4.395 -4.186E-03 1.405E-05 -1.564E-08 0.632E-11 50 1000
H2S_hydrogensulfide 4.266 -3.438E-03 1.319E-05 -1.331E-08 0.488E-11 50 1000
H2S2_dihydrogendisulfide 3.364 8.093E-03 0.636E-05 -1.991E-08 1.048E-11 50 1000
H3N_ammonia 4.238 -4.215E-03 2.041E-05 -2.126E-08 0.761E-11 50 1000
H4N2_hydrazine 3.627 2.239E-03 2.876E-05 -4.060E-08 1.690E-11 50 1000
He_helium 2.500 0.000E-03 0.000E-05 0.000E-08 0.000E-11 0 10000
He_helium3 2.500 0.000E-03 0.000E-05 0.000E-08 0.000E-11 0 10000
I2_iodine 3.508 6.303E-03 -1.461E-05 1.470E-08 -0.531E-11 50 1000
Kr_krypton 2.500 0.000E-03 0.000E-05 0.000E-08 0.000E-11 0 10000
NO_nitrogenmonoxidenitricoxide 4.534 -7.644E-03 2.066E-05 -2.156E-08 0.806E-11 50 1000
N2_nitrogen 3.539 -0.261E-03 0.007E-05 0.157E-08 -0.099E-11 50 1000
N2O_dinitrogenoxidenitrousoxide 3.165 3.401E-03 0.989E-05 -1.880E-08 0.890E-11 50 1000
N2O4_dinitrogentetraoxide 3.374 27.257E-03 -1.917E-05 -0.616E-08 0.859E-11 50 1000
O2_oxygen 3.630 -1.794E-03 0.658E-05 -0.601E-08 0.179E-11 50 1000
O2S_sulfurdioxide 4.417 -2.234E-03 2.344E-05 -3.271E-08 1.393E-11 50 1000
O3_ozone 4.106 -3.809E-03 3.131E-05 -4.300E-08 1.813E-11 50 1000
O3S_sulfurtrioxide 3.426 6.479E-03 1.691E-05 -3.356E-08 1.590E-11 50 1000
Ne_neon 2.500 0.000E-03 0.000E-05 0.000E-08 0.000E-11 0 10000
Rn_radon 2.500 0.000E-03 0.000E-05 0.000E-08 0.000E-11 0 10000
Xe_xenon 2.500 0.000E-03 0.000E-05 0.000E-08 0.000E-11 0 10000
S_sulfur 2.803 -0.036E-03 0.143E-05 -0.435E-08 0.268E-11 50 1000
